1.4075 19.0700
0.9465 -150.1708
0.9695 -146.9157
1.7861 -143.3721
2.9155 -127.6779
2.1827 -154.5500
2.0785 -24.6716
2.1812 64.3469
1.5285 -38.0931
1.8444 -42.4503
2.4231 -115.8443
1.2359 -98.0972
2.0085 -130.5991
2.8402 78.8417
2.2514 63.7333
2.3401 57.5117
0.0206 -90.4583
2.0558 -24.2147
2.6002 86.8838
2.4758 52.6142
1.3106 -70.4595
0.3288 -82.1912
0.7675 -127.5152
1.8393 85.6815
0.2047 -37.0011
0.3315 -142.5533
1.2614 -107.2268
0.4248 -38.0127
2.2407 -146.5782
2.9451 -138.4020
0.3235 84.7383
1.1927 101.4239
0.2473 111.2844
0.7964 -38.7049
1.0573 -63.8052
0.6650 -44.2390
2.2143 -55.5573
0.6976 -65.2348
2.3977 -31.8981
1.5349 -6.9218
1.3955 -144.3947
2.4756 -128.8409
2.0776 -159.4726
0.2561 -69.1534
1.2612 -90.6171
1.9045 56.6425
0.4098 -0.8318
0.1283 69.3251
1.3152 42.3776
1.0744 -39.1334
1.0506 109.6365
1.5717 -12.9398
1.6653 86.2654
1.6176 111.4849
2.5130 39.5240
1.1415 69.5158
0.4739 91.7136
1.2176 -50.3326
0.3389 -113.4050
1.1238 -14.2018
2.1416 -0.9007
1.4283 4.5602
2.6144 91.9677
1.0815 41.0514
0.5517 -9.4277
1.4177 -27.1246
0.5959 0.5122
1.2151 14.1911
2.5652 -71.8874
2.5310 -155.7132
0.7009 14.9626
2.7836 -89.6225
1.7886 100.0178
0.4980 -5.4728
2.2326 -136.8497
0.7536 -4.3421
2.7635 56.1349
2.5653 -93.4688
2.7932 -139.5225
0.1936 109.1804
2.4294 50.7231
2.2395 -23.2490
2.5448 -125.9834
2.0597 9.2853
1.6884 -19.9910
2.8066 13.3243
0.9897 -58.2580
2.1587 5.7560
2.9077 -53.0002
0.2506 -90.2572
2.9471 62.5580
1.3935 -97.0957
1.3191 113.2778
1.9332 32.4629
0.1815 -124.4890
0.1992 79.0003
0.6160 18.9043
1.0799 -41.8727
0.3821 -12.4723
0.6766 -104.3422
2.2326 -82.1839
0.2239 23.7632
0.3834 13.4393
2.2669 -100.2135
0.0386 -162.2124
1.6416 51.6075
2.0946 53.5347
2.1427 -7.0115
0.5555 102.6560
0.9918 -59.7342
0.8443 -148.2930
1.9735 4.2559
0.3283 83.1683
1.3895 -91.3395
2.4218 -87.5799
0.0394 79.0270
2.6705 -109.3847
1.2680 -107.1574
0.5646 61.7840
1.6847 -146.4883
0.0893 -111.1507
0.4062 -37.1112
1.8227 -52.9087
0.3712 -101.1760
1.5313 -38.6139
1.6669 57.4403
0.2889 66.7734
0.8616 101.0244
1.6723 67.2530
1.5792 -151.0954
1.4271 -154.6012
0.7827 -159.8444
1.0931 -95.3057
1.2116 -159.3236
1.9943 -89.9263
1.6483 107.5906
1.8372 -33.2500
1.6541 -95.0707
1.6395 66.5214
2.4477 -72.1879
2.2046 -123.8302
2.7130 -92.9700
1.2980 33.7648
1.7336 52.9808
0.6440 -38.4214
1.5254 -3.0469
2.9231 -43.5212
0.7305 -60.3828
0.0915 98.5747
0.9468 -99.4532
1.1534 55.2658
2.4916 -41.5369
2.6613 0.8372
1.4075 11.2336
2.0462 -100.5401
0.6233 -76.5349
0.6390 -11.1632
2.0989 -60.9497
0.6685 -26.9766
1.7579 78.3213
2.2728 60.2133
0.9699 -110.1257
1.8559 20.2853
2.2816 -118.3124
0.8904 85.1195
0.5317 -78.2765
0.9437 27.7333
2.5904 99.0424
1.9781 6.0229
2.5027 -91.7962
1.3601 -86.0266
0.1932 54.0925
2.8288 100.0317
1.5839 20.1534
0.6092 -121.8332
1.0774 11.9044
1.5388 -55.7120
1.2605 -136.4880
2.7855 -146.2196
0.2418 -2.6159
1.4345 -150.1034
2.6078 -44.4805
2.8322 -159.6293
0.3337 -120.8084
0.7406 -30.1343
0.4219 81.1503
0.4500 -155.8852
0.4711 -16.6221
2.9863 46.9115
2.5665 -1.9077
0.7514 69.1058
0.7963 83.6744
1.7961 -41.4494
2.2589 -34.2302
0.8398 -16.6579
2.1884 -133.6553
1.2427 22.1990
2.0074 41.0912
1.5934 11.7426
1.6635 -13.5625
2.1176 -52.3286
2.9489 26.9560
2.6966 -24.0998
1.5073 27.1604
0.9671 -56.5144
2.3293 94.4914
1.4721 74.6877
1.6259 -80.0259
1.6578 -78.0296
2.8854 16.0833
2.2689 108.9303
2.6090 -161.2415
1.9881 11.0948
1.2053 -37.0851
1.5054 81.2127
2.2569 -46.4356
1.7014 30.1478
2.0729 -127.7853
1.8528 59.3064
1.2165 -25.4932
0.4704 -73.8609
0.5658 41.6435
1.3497 -113.9555
2.7557 -63.8468
2.9399 86.0756
2.3296 -96.0544
0.4758 106.1202
2.2347 -152.4555
2.1632 -28.0626
1.2948 -51.1603
2.7391 108.1053
0.8070 -143.8580
0.8946 110.5698
1.5720 -38.9481
0.2109 -12.8089
2.3373 -13.4901
1.9573 81.1535
1.3235 73.9584
0.4084 98.9057
0.2235 -143.4649
1.5826 13.7291
0.1699 -161.8717
0.6703 -160.2709
0.1164 -107.1122
0.1970 -157.6657
2.1443 77.6943
2.3567 -6.6211
0.1348 -160.8732
2.1497 -155.1284
2.8008 55.1892
2.5512 -45.3847
1.0257 30.3155
2.6661 61.0532
2.0298 -27.1574
1.5250 -149.3546
0.9708 -71.8486
0.7107 95.4244
2.4650 14.3677
1.9585 44.5788
0.5568 22.3287
2.4369 -30.4219
1.4991 110.7830
2.9313 -107.9203
2.6030 -52.6467
1.8367 -143.8411
1.7177 -38.2223
1.6224 94.7789
1.9467 -134.9878
1.3356 -76.3931
0.9374 39.0122
2.4046 -36.0779
2.5000 -4.2406
0.4079 1.5883
2.5451 -85.1799
1.3808 -57.8629
2.9760 8.2541
2.1440 96.4014
1.0179 56.5269
0.6227 -74.5602
0.9973 -39.7698
2.6502 -145.4651
2.1775 -64.1055
2.1050 -22.8889
0.4108 -161.4229
0.0900 -32.6542
2.6892 -94.1073
0.4028 36.8655
0.3924 40.2801
2.7886 -50.4777
0.4750 -14.1904
2.2458 70.4308
1.5544 3.1934
2.9674 84.1781
0.1153 74.8489
2.7129 -105.7478
0.9981 11.2643
0.9747 -105.7126
0.9541 82.8332
2.5971 115.6217
0.0290 -109.2878
2.6750 -132.3352
0.4108 -8.5115
0.3928 -39.9208
1.1610 -7.5854
1.7616 -92.0704
2.9376 86.1724
1.3063 -17.0884
1.1461 -6.3395
1.0841 -93.7206
1.9673 -133.7329
2.8333 -131.2868
2.0157 -150.2812
1.5681 104.9292
1.6210 -46.5586
2.6638 -28.6870
1.4305 67.7235
0.7316 45.6440
1.4225 66.4306
2.2245 -4.5398
2.2021 -91.4008
0.2565 47.4712
0.6120 45.3413
0.5326 -82.5323
0.4380 -63.0606
1.3221 -28.2745
2.2131 -72.0707
2.6545 -75.4705
2.0998 -160.6161
1.7416 -93.5764
0.8854 -144.4883
1.7487 92.6981
1.5597 105.0074
0.6243 -0.5698
0.3843 92.2154
0.8707 -84.3032
2.9603 -102.8281
1.3492 -42.1160
0.2623 -65.3105
0.7657 35.5988
1.4771 -8.4303
1.6461 74.5669
2.6750 -10.0867
2.6626 -42.7507
0.9566 38.2522
2.6699 -125.1329
2.5170 64.9470
2.0873 -148.2134
0.5096 28.6382
2.3794 0.7267
2.6009 102.5284
1.0729 -64.9656
0.8632 57.9157
1.6578 -57.9760
1.2563 -44.3833
2.7336 33.5567
0.2876 -17.2336
2.8999 89.5278
0.3326 67.0243
2.8758 78.8342
1.2881 -151.3187
0.1032 10.9915
1.2047 -154.4719
2.7614 -20.4172
0.1914 64.0349
0.6321 -125.2360
1.9946 -53.6849
0.3194 51.5081
2.4811 -28.5709
2.9231 114.5623
2.3892 -37.2670
0.9072 -139.0350
1.9810 92.7981
2.3254 50.1441
0.3309 -112.1115
2.2264 90.0073
1.9929 -84.7909
2.6583 37.9437
0.2331 -33.4059
0.1028 -20.3623
2.5764 -51.8803
2.1842 -81.9211
2.0895 8.1115
2.1089 108.2789
2.1210 9.2365
0.8671 -157.3686
2.8607 -111.2205
0.0347 -80.9424
0.1962 -40.9207
1.3135 28.7604
0.7405 -26.4797
0.0019 85.7153
2.8267 -69.7567
0.5013 -125.2601
1.2202 -0.7678
1.9180 -158.8116
2.7747 -91.8809
1.3029 -34.3648
0.6042 -8.4566
2.8354 -85.7114
0.7310 76.5670
2.4834 -94.0222
0.8344 -16.5240
1.8459 71.0840
2.3675 1.0778
2.6725 -138.9592
0.4064 -116.8045
2.5995 -12.5053
1.8929 65.9160
1.3491 70.3300
2.6568 55.2939
2.7162 -109.1610
2.7370 112.1845
0.1685 -81.3093
0.8330 -80.6112
0.3862 -159.7291
2.0404 38.8960
0.0489 -89.8596
1.3310 -24.7949
1.5293 50.8987
2.6958 75.9636
0.8750 52.4564
0.6792 95.5686
2.8973 57.9166
2.3126 10.9783
1.8214 -105.5870
2.2720 -72.6046
1.7560 -72.2699
0.3745 -2.7031
0.4365 -38.8420
0.9313 -17.3094
1.5343 104.9094
2.4261 -107.6607
1.0076 12.0326
2.4991 23.2575
2.7078 45.9380
1.7410 -93.4588
0.8651 31.4090
2.5981 -77.7264
2.6334 -121.2175
1.9343 17.4870
0.8893 -86.2937
1.4132 33.2677
1.7497 1.7754
2.7131 -12.6160
2.9694 -6.9691
1.2911 67.1287
1.8371 -132.1191
2.3653 23.4833
2.0544 -32.8713
1.7018 -14.5782
1.0924 -128.2014
2.2210 39.3515
1.7334 40.1456
0.4867 -106.8105
0.6679 -1.6609
0.9786 -30.6746
0.1621 62.6204
2.4846 -59.4046
0.2075 115.9418
1.5332 27.6123
1.6357 -72.9267
1.1528 -8.8884
1.8145 -97.9375
1.0735 -113.5266
2.0937 -162.2336
0.5073 19.2515
1.0144 -18.1458
2.3753 32.5966
2.6853 -19.9536
2.7128 -10.8978
1.9352 96.7124
1.7785 -157.5807
0.8863 81.1481
0.4617 -155.6257
0.2569 -13.0074
0.3048 -80.5513
2.2953 -16.4749
0.8208 -153.2752
0.2774 -159.7610
0.8940 12.9371
2.9508 -157.1955
2.0386 67.1581
0.8842 37.6855
0.7880 -123.4907
2.5104 111.1612
2.8290 -118.8332
0.1963 35.0024
2.8826 -98.3023
1.8749 -143.5481
1.3340 -94.6108
0.8265 -56.3505
2.1435 15.9984
0.1497 40.3284
0.9040 57.4716
0.0247 -30.5086
1.0264 106.9218
0.4897 -140.0706
0.5663 -28.3769
0.4595 -32.7944
2.7127 104.6585
1.7291 -7.1112
0.0362 -83.2505
1.9409 -33.1351
0.9708 -16.9293
2.3395 24.5173
2.2749 65.6646
1.1885 -79.2408
2.3524 -5.8566
1.6449 -7.7851
2.7512 -63.4297
2.9413 -5.3231
1.5805 -66.4885
2.2750 67.8500
2.5631 40.5404
1.6817 74.5486
0.7844 -94.9551
1.6585 -75.6573
2.1291 68.2741
2.3417 -60.4432
1.2842 -124.3130
0.1641 -108.7175
1.5498 -20.2580
0.3197 -20.7587
2.9012 -11.6764
1.7830 -15.1201
0.3501 -92.4886
0.7618 -118.7833
2.8936 90.5910
2.2807 60.5567
1.4180 -76.1095
0.8228 23.2618
1.6929 -155.4128
2.0487 -157.4649
1.3110 45.5562
1.9813 -33.1748
0.5921 -102.4067
2.2306 -47.9740
1.9905 16.3082
0.7361 71.7806
1.9438 -139.5549
1.5180 -81.5123
1.1625 71.2793
0.6581 108.9841
1.7709 48.9914
0.1246 -73.6926
2.7452 64.6358
2.9948 32.8113
1.0363 83.2358
2.3999 70.0369
2.7080 24.8069
0.9385 40.8532
2.6904 -134.9820
2.6275 90.5194
0.3814 -71.4985
0.2657 74.3812
0.2741 34.4137
1.7948 -62.7761
1.6737 -93.6529
2.0027 6.7870
0.0928 -60.6207
0.1073 15.3851
0.2421 -160.0563
1.3005 -82.9563
0.7575 30.4338
0.7453 -111.7884
0.0307 -151.8448
2.0521 56.6048
1.0424 -119.0839
1.3923 19.2103
1.3632 -26.2437
1.8305 9.4450
2.8280 -118.3388
1.4007 -30.6381
2.9391 -3.8360
1.2443 -90.7868
2.9241 -5.7466
2.7722 74.3449
2.4360 109.0328
1.5157 33.1870
1.7873 2.0346
1.6789 -127.8546
2.5262 24.6036
1.8423 -88.8156
1.8348 -127.9450
0.3275 80.9503
2.0213 -71.4092
0.5752 72.8949
2.6488 54.7903
2.2103 13.1023
1.2716 -61.9312
0.2487 -136.4697
0.5828 64.3741
0.0067 -15.9667
1.6727 -108.6512
1.2677 -148.1395
1.2045 -4.1193
2.3447 -104.2777
2.6331 82.8096
2.9610 -144.1229
0.1158 68.3210
1.8215 29.0263
1.0700 -58.0641
1.5453 -60.6259
2.6251 5.6627
2.4243 -9.4170
1.1092 58.1819
2.6253 -98.9479
2.6223 -112.3706
1.8562 -69.7292
2.7622 47.5517
0.5857 113.2423
0.2550 56.9067
1.4990 -96.6930
1.1441 -32.1118
0.7719 88.0082
1.0378 -106.5582
0.9140 54.1065
2.5064 -43.8598
2.7507 -93.8202
1.6677 -108.3838
1.5273 41.0722
0.0831 -98.4579
0.7533 57.5204
0.9690 -20.5280
0.9481 -47.7295
0.0524 49.4541
2.1774 10.9139
0.7328 -85.0312
1.9383 -108.2682
1.2550 -114.2050
2.8453 -113.1353
0.5589 88.4276
2.7665 -99.1142
2.3537 40.8423
2.5714 21.2742
1.7212 41.1426
0.5518 78.2949
1.9871 112.3602
1.6438 45.7532
0.7625 -42.7194
2.3768 -63.8527
1.8343 37.6492
2.7244 -111.4817
1.9691 -50.4711
0.3039 73.1463
1.7907 42.1262
2.2722 -15.5431
2.8213 94.9948
2.4613 -27.7542
0.1402 70.7207
0.9800 -79.9683
2.9349 16.5117
2.6270 15.9968
1.2951 -63.9357
0.4158 -153.9384
1.9858 -36.1999
1.6344 103.3672
0.6450 -97.0680
0.3186 -55.6850
0.4328 110.6517
0.1573 72.3885
0.9726 -83.6974
2.5160 80.9793
0.9811 -15.5848
0.1302 -30.4478
2.4438 -37.4336
0.6522 91.0255
0.9499 -4.3911
1.0700 -146.8777
0.8840 -91.6454
0.6914 -41.1750
2.3220 -8.5849
0.6075 -121.6572
1.5363 -123.5626
1.5308 68.4265
2.3392 27.1414
0.9199 50.7097
0.1096 8.0291
0.9922 -98.4294
1.5630 -128.8273
2.8141 21.5831
1.9742 -160.7095
2.9792 24.8162
2.1710 -145.7392
0.6945 -106.7831
0.8895 47.4787
0.4422 29.1984
1.4711 -113.8990
1.3905 65.3262
1.3825 -5.4397
2.0232 -47.0621
2.8287 11.0752
0.5207 53.9749
0.4261 35.2814
2.0887 89.0625
0.3205 -145.6045
1.2815 49.3358
2.2807 -47.2522
0.9950 20.7227
0.3688 -128.9723
1.2727 -122.8533
0.2517 -69.8408
0.0377 -54.8083
2.1003 9.2651
1.9346 -35.8049
2.2440 4.4242
0.1840 -135.3541
1.1615 -129.3488
1.9316 -55.5226
1.1910 59.7653
2.8674 14.0468
1.1315 -135.7240
1.3989 -111.3706
1.6553 -71.8169
1.8973 -31.8381
0.4394 81.5971
1.2899 -142.0737
2.5442 100.5564
0.9743 -112.4473
2.8888 5.3868
1.1435 -12.7043
0.7954 -123.3747
1.8454 -72.9264
0.3102 -3.0780
2.3374 45.8979
2.2467 29.6887
2.9810 -109.1200
0.4092 -151.6656
1.7284 38.3128
2.3914 -143.7501
1.6215 -101.8072
2.2340 -138.8470
2.4285 98.5450
1.8554 28.2097
0.8527 -79.6404
0.5228 -129.4140
1.7214 57.5677
1.9921 44.6678
1.4987 112.7402
0.9217 74.2602
0.8518 68.7992
1.7452 -84.5373
1.0543 23.7234
0.8983 -138.8600
0.1848 -13.6637
2.0959 -137.5218
2.0675 -130.2006
0.5218 -99.8240
0.3730 -85.8870
2.3619 82.3097
2.5963 -63.6961
1.3088 70.3202
2.4117 -108.9989
2.6689 35.5738
2.2409 -21.8038
0.1643 -81.8456
2.3423 -33.9186
2.6430 -117.0751
1.7328 54.1554
2.7075 1.2252
2.6972 113.0371
1.7125 45.9520
0.9283 -72.5812
1.6931 97.9572
2.0295 67.9233
1.2754 -99.5693
2.1919 39.0709
2.6819 91.0398
2.2616 43.7579
2.2245 92.7556
1.5398 20.6974
1.4992 30.4133
2.4866 80.8859
2.1246 -71.6466
0.3373 -29.4023
2.9751 -144.0440
0.7783 105.5680
1.2520 61.8689
1.5000 54.8846
2.2914 -127.8822
0.0202 22.9033
2.2553 -161.2109
2.0444 -148.0405
0.7968 49.1106
1.5357 46.4276
1.9737 -157.7478
2.3352 -53.6873
0.4720 70.1433
2.4053 -100.6537
2.2040 -74.1586
2.0687 23.7092
0.8980 47.2340
1.1508 54.2488
0.1747 -123.5358
1.5544 12.2525
1.7791 -74.6392
2.9125 -105.6962
2.6844 -24.2988
1.8894 -4.3910
2.7916 24.3991
0.9170 50.7050
1.7651 -69.0722
2.1531 2.9207
1.2887 -28.3422
0.5549 111.1366
0.3657 -31.1051
0.1351 -25.9884
1.4174 94.2568
0.9426 -107.6963
1.3842 -94.9142
0.7252 -62.3149
2.4784 -98.7927
1.8944 -35.1725
1.0916 -102.6166
2.2882 90.2569
0.8462 -155.1426
2.1757 -25.5022
0.7641 -65.8666
1.8556 47.1863
1.3540 24.8084
2.8631 -88.0636
2.9888 20.0870
0.9704 -53.5986
1.7753 30.0187
2.0545 -46.7512
1.7216 -105.9204
2.0765 -126.5575
0.4142 27.4817
2.3156 67.7049
2.6157 53.8210
0.6570 21.1645
2.3149 4.9314
1.6856 -73.7715
2.5242 -137.8781
1.0329 58.7750
2.4599 -134.0621
1.0479 -108.8410
1.8416 79.9312
0.4016 -155.7896
0.4914 97.5541
0.6698 3.6668
0.9636 -73.0444
1.5425 -150.3413
0.7193 40.2822
0.0700 -6.4479
0.0699 7.0227
1.7117 38.9756
2.5517 23.5184
2.5960 -132.5624
0.9147 -154.2476
0.3254 -58.2087
0.2649 36.6514
2.7435 58.7520
0.7507 -58.4702
2.3950 55.3651
0.5268 -135.4811
0.3540 -94.7237
2.9541 -102.2903
1.6605 1.1882
0.6484 16.4776
2.0069 -132.8948
2.2560 71.9285
2.4669 111.3084
1.5153 -40.4277
2.8713 83.4224
1.0335 13.5241
2.7234 53.5235
2.3222 -75.0500
2.1211 -143.3481
0.0120 -2.8817
1.7979 -28.1238
0.8521 -63.5393
1.4807 -12.3169
2.0619 -50.0341
2.8588 -38.7262
0.8419 -68.1829
1.9080 -118.9482
0.6258 -107.8347
1.5000 -6.2060
0.5798 -31.3878
0.6092 74.5243
0.6330 113.8975
1.1165 -141.2147
2.0507 -34.7984
0.5465 74.8086
0.4996 66.7943
1.5133 -145.3116
0.2720 -9.8354
1.5433 46.4555
0.8967 39.1065
2.3783 26.4529
0.1602 -154.5078
0.7624 -21.8999
0.6921 -154.4254
0.8279 -48.8145
1.4721 -119.7237
0.1717 49.0507
2.3939 104.5148
1.6056 18.8683
2.1347 47.0759
1.8966 89.3616
1.0902 -94.7632
2.1222 -26.5571
0.0020 -93.1773
0.3303 -72.6677
2.4250 -31.2028
1.8526 -104.5098
2.2634 -154.3539
2.6351 -79.2199
0.8575 -33.1579
1.4618 11.1329
0.9671 72.7590
1.6582 35.9175
0.3397 -86.3037
1.0292 -158.1478
2.4926 -89.1185
2.5787 105.5605
2.2423 8.5173
2.6248 110.1803
1.7033 -41.5454
2.1401 -133.2073
2.5992 -132.6730
2.9525 90.2027
0.7700 6.1806
2.4704 -120.3083
0.0316 79.8953
2.9343 -110.5646
1.7217 111.0068
2.3353 -138.2340
1.7204 -40.7937
1.6978 79.2927
1.7514 -4.0413
2.8039 -101.1790
0.9858 -58.6470
0.4888 90.5938
2.1339 56.2562
1.3581 -69.7315
0.8012 -53.5705
2.0117 -25.2498
2.5105 -61.1069
2.9789 -78.6775
1.0782 -89.9490
0.1035 -157.7247
2.8171 -92.8327
1.0598 11.0046
1.5630 -153.7958
2.0045 81.5519
2.3048 -82.1174
1.9124 53.6213
1.2676 -61.8395
2.8676 -16.7526
0.1193 -31.6038
2.8507 -162.3357
2.7999 21.9877
1.9945 -102.0352
1.7568 -151.3298
2.8505 -117.7855
1.6812 110.7334
0.4194 -9.5043
2.7979 15.1380
1.7638 115.4715
1.0087 -97.1938
0.9793 68.5057
2.0746 -72.0278
1.0133 33.5463
0.6110 68.7123
2.4767 -62.2099
2.7400 3.6766
2.5912 -152.6777
0.4611 102.9436
2.7224 22.0514
2.9300 -16.4189
0.2018 -134.2931
1.6065 103.5330
1.2411 -83.0262
2.5731 80.9788
2.4994 -41.5139
2.0581 -108.1258
1.1227 86.5916
1.7347 -6.8350
2.9326 105.4840
2.6789 -70.6101
0.8092 -140.8489
0.3961 -18.5807
1.9782 1.1462
1.4849 -57.3032
2.8204 115.5846
2.9213 4.3156
1.1419 3.4021
0.5198 74.8450
1.9751 -45.0061
0.1965 -88.6631
1.7579 -73.9816
2.6613 43.9803
2.2884 12.1537
1.8252 -46.1181
0.2140 -61.5633
1.4128 7.3190
2.0762 -112.7942
1.2504 114.2749

